10
1 2 748
46 5 216
5 7 673
93 4 514
83 1 52
53 7 7
38 1 413
68 6 922
84 5 91
65 4 694
11
1 2 823
46 5 238
5 7 740
93 4 566
83 1 58
53 7 8
38 1 455
68 6 1014
84 5 100
65 4 764
91 7 286
12
1 2 898
46 5 260
5 7 807
93 4 617
83 1 63
53 7 9
38 1 496
68 6 1106
84 5 109
65 4 833
91 7 312
5 7 390
13
1 2 973
46 5 282
5 7 874
93 4 669
83 1 68
53 7 9
38 1 537
68 6 1198
84 5 118
65 4 903
91 7 338
5 7 422
63 7 1276
14
1 2 1048
46 5 303
5 7 942
93 4 720
83 1 74
53 7 10
38 1 579
68 6 1290
84 5 127
65 4 972
91 7 364
5 7 455
63 7 1374
37 3 1362
15
1 2 1122
46 5 325
5 7 1009
93 4 771
83 1 79
53 7 11
38 1 620
68 6 1382
84 5 136
65 4 1041
91 7 390
5 7 487
63 7 1472
37 3 1460
72 7 968
16
1 2 1197
46 5 347
5 7 1076
93 4 823
83 1 84
53 7 12
38 1 661
68 6 1474
84 5 145
65 4 1111
91 7 415
5 7 520
63 7 1570
37 3 1557
72 7 1032
8 6 1402
17
1 2 1272
46 5 368
5 7 1143
93 4 874
83 1 90
53 7 12
38 1 703
68 6 1566
84 5 154
65 4 1180
91 7 441
5 7 552
63 7 1668
37 3 1654
72 7 1097
8 6 1489
27 4 1290
18
1 2 1347
46 5 390
5 7 1211
93 4 926
83 1 95
53 7 13
38 1 744
68 6 1658
84 5 163
65 4 1250
91 7 467
5 7 585
63 7 1767
37 3 1751
72 7 1161
8 6 1577
27 4 1366
48 3 490
19
1 2 1422
46 5 412
5 7 1278
93 4 977
83 1 100
53 7 14
38 1 785
68 6 1751
84 5 173
65 4 1319
91 7 493
5 7 617
63 7 1865
37 3 1849
72 7 1226
8 6 1665
27 4 1442
48 3 517
36 2 915
20
1 2 1496
46 5 433
5 7 1345
93 4 1028
83 1 105
53 7 15
38 1 827
68 6 1843
84 5 182
65 4 1389
91 7 519
5 7 650
63 7 1963
37 3 1946
72 7 1290
8 6 1752
27 4 1518
48 3 544
36 2 963
89 9 119
