0
4 3 54 1 34 4 61 2 2
4 4 9 1 15 2 89 3 70
4 1 38 2 19 3 28 4 87
4 1 95 3 34 2 7 4 29
1
15 7 94 13 66 5 10 8 53 4 26 3 15 11 65 12 82 9 10 15 27 10 93 14 92 6 96 1 70 2 83
15 5 74 6 31 8 88 15 51 14 57 9 78 12 8 10 7 7 91 11 79 1 18 4 51 13 18 2 99 3 33
15 2 4 9 82 10 40 13 86 7 50 12 54 14 21 6 6 1 54 3 68 8 82 11 20 5 39 4 35 15 68
15 6 73 3 23 10 30 7 30 11 53 1 94 14 58 5 93 8 32 15 91 12 30 9 56 13 27 2 92 4 9
15 8 78 9 23 7 21 11 60 5 36 10 29 3 95 15 99 13 79 6 76 2 93 14 42 12 52 1 42 4 96
15 6 29 4 61 13 88 14 70 12 16 5 31 15 65 8 83 3 78 2 26 11 50 1 87 10 62 7 14 9 30
15 13 18 4 75 8 20 9 4 15 91 7 68 2 19 12 54 5 85 6 73 3 43 11 24 1 37 14 87 10 66
15 12 32 6 52 1 9 8 49 13 61 14 35 15 99 2 62 3 6 9 62 5 7 4 80 10 3 7 57 11 7
15 11 85 12 30 7 96 15 91 1 13 2 87 3 82 6 83 13 78 5 56 9 85 8 8 10 66 14 88 4 15
15 7 5 12 59 10 30 3 60 9 41 1 17 14 66 4 89 11 78 8 88 2 69 13 45 15 82 5 6 6 13
15 5 90 8 27 14 1 1 8 6 91 13 80 7 89 9 49 15 32 11 28 4 90 2 93 12 6 10 35 3 73
15 3 47 15 43 1 75 13 8 7 51 11 3 8 84 6 34 9 28 10 60 14 69 2 45 4 67 12 58 5 87
15 6 65 9 62 11 97 3 20 4 31 7 33 10 33 1 77 14 50 5 80 2 48 12 90 13 75 8 96 15 44
15 9 28 15 21 5 51 14 75 6 17 7 89 10 59 2 56 13 63 8 18 12 17 11 30 4 16 3 7 1 35
15 11 57 9 16 13 42 7 34 5 37 2 26 14 68 15 73 12 5 1 8 8 12 4 87 3 83 10 20 6 97
2
15 10 86 15 60 5 10 14 59 11 65 4 94 8 71 9 25 1 98 6 49 2 43 3 8 13 90 7 21 12 73
15 11 68 9 28 12 38 15 36 4 93 14 35 10 37 8 28 5 62 3 86 7 65 2 11 6 20 13 82 1 23
15 8 33 1 67 7 96 6 91 15 83 14 81 3 60 12 88 5 20 13 62 2 22 10 79 4 38 11 40 9 82
15 10 13 12 14 15 73 1 88 2 24 9 16 6 78 11 70 13 53 5 68 14 73 4 90 7 58 8 7 3 4
15 12 93 5 52 14 63 4 13 9 19 2 41 11 71 13 59 3 19 15 60 7 85 8 99 1 73 10 95 6 19
15 6 62 3 60 2 93 11 16 1 10 5 72 9 88 15 69 7 58 4 41 10 46 8 63 12 76 13 83 14 62
15 6 50 11 68 14 90 1 34 10 44 9 5 2 8 12 25 15 70 8 53 13 78 3 92 7 62 5 85 4 70
15 13 60 1 64 10 92 4 44 14 63 7 91 6 21 8 1 3 96 15 19 12 59 9 12 11 41 2 11 5 94
15 12 93 11 46 6 51 14 37 2 91 10 90 9 63 8 40 4 68 7 13 1 16 3 83 15 49 13 24 5 23
15 3 5 15 35 4 21 11 14 7 66 2 3 1 6 14 98 12 63 5 64 6 76 9 94 8 17 13 62 10 37
15 12 35 15 42 14 62 6 68 5 73 10 27 2 52 7 39 13 41 1 25 3 9 9 34 11 50 4 41 8 98
15 13 23 4 32 11 35 9 10 5 29 8 68 14 20 12 8 15 58 2 62 3 39 1 32 6 8 7 33 10 91
15 9 28 14 31 6 3 1 28 12 66 10 59 5 24 13 45 2 81 11 8 7 44 3 42 8 2 15 23 4 53
15 3 11 6 93 5 27 4 59 10 62 2 23 12 23 14 7 8 77 7 64 11 60 15 97 1 36 9 53 13 72
15 2 36 11 98 5 38 3 24 1 84 8 47 7 72 10 1 12 91 13 85 6 68 15 42 4 20 14 30 9 30
3
15 8 69 12 81 9 81 4 62 13 80 2 3 14 38 1 62 15 54 7 66 10 88 5 82 3 3 11 12 6 88
15 13 83 2 51 12 47 10 15 7 89 4 76 3 52 5 18 6 22 9 85 14 26 15 30 11 5 1 89 8 22
15 2 62 3 47 10 93 1 54 4 38 6 78 9 71 5 96 15 19 11 33 13 44 14 71 8 90 7 9 12 21
15 14 33 11 82 7 80 3 30 15 96 8 31 5 11 12 26 1 41 6 55 10 12 4 10 9 92 2 3 13 75
15 2 36 9 49 5 10 15 43 7 69 6 72 4 19 3 65 10 37 11 57 14 32 8 11 12 73 1 89 13 12
15 6 83 15 32 3 6 13 13 11 87 2 94 12 36 5 76 7 46 10 30 1 56 14 62 9 32 4 52 8 72
15 6 29 3 78 1 21 2 27 9 17 15 43 12 14 11 15 8 16 10 49 7 72 13 19 5 99 14 38 4 64
15 5 12 8 74 11 4 2 3 10 15 9 62 3 50 15 38 12 49 4 25 6 18 7 55 14 5 13 71 1 27
15 15 69 12 13 1 33 10 47 11 86 6 31 4 97 13 48 9 25 14 40 7 94 2 22 8 61 3 59 5 16
15 10 27 1 4 4 35 11 80 13 49 14 46 6 84 2 46 7 96 15 72 9 18 12 23 3 96 8 74 5 23
15 8 36 3 17 2 81 13 67 4 47 15 5 5 51 7 23 6 82 10 35 9 96 14 7 11 54 1 92 12 38
15 1 78 9 58 15 62 13 43 10 1 6 56 7 76 11 49 8 80 12 26 4 79 5 9 2 24 14 24 3 42
15 9 38 13 86 11 38 12 38 15 83 4 36 7 11 2 17 5 99 6 14 1 57 10 64 14 58 3 96 8 17
15 14 10 3 86 12 93 1 63 15 61 11 62 4 75 2 90 13 40 5 77 6 8 7 27 8 96 10 69 9 64
15 2 73 14 12 1 14 12 71 3 3 11 47 5 84 9 84 4 53 6 58 8 95 7 87 10 90 13 68 15 75
4
15 4 72 8 51 7 42 15 31 10 61 9 46 6 88 5 33 11 27 2 85 1 70 13 56 12 70 3 50 14 25
15 2 19 12 79 1 79 6 47 9 40 14 67 4 43 11 65 10 84 3 61 13 30 7 56 5 19 8 91 15 68
15 8 94 4 7 9 2 12 95 1 60 5 82 10 76 14 36 2 8 11 85 7 7 6 44 15 2 13 72 3 91
15 7 58 12 67 6 84 14 34 4 19 3 19 2 94 5 41 10 98 13 96 9 25 1 40 15 74 8 88 11 74
15 2 45 12 60 7 8 6 29 9 32 8 42 13 25 10 4 3 71 15 79 14 93 4 28 1 30 5 17 11 43
15 12 84 3 56 13 46 2 93 15 66 1 84 7 40 10 4 4 15 14 15 8 54 11 39 5 77 6 55 9 31
15 15 65 8 91 12 17 1 47 13 77 9 68 10 62 11 22 4 72 14 47 5 38 2 7 3 11 7 22 6 63
15 8 12 5 21 14 60 6 42 15 22 12 84 3 60 13 52 7 25 2 53 1 53 11 56 10 29 4 83 9 32
15 8 48 5 28 15 70 11 26 4 68 1 4 14 19 9 92 2 24 3 54 7 57 13 47 12 84 10 85 6 95
15 3 36 13 34 11 65 4 64 7 30 6 41 15 53 10 74 14 44 5 13 1 41 12 6 8 32 9 94 2 37
15 12 62 10 9 4 89 8 37 7 28 5 23 1 13 3 60 6 46 2 94 11 85 9 72 14 18 13 79 15 11
15 1 74 5 61 2 43 10 26 3 97 12 62 14 40 11 60 8 62 7 78 9 42 13 8 15 21 4 11 6 70
15 7 9 1 22 5 9 11 8 3 54 15 32 10 92 14 76 12 2 13 63 2 63 9 98 6 42 4 12 8 41
15 6 67 11 7 14 91 3 52 8 87 5 4 9 1 7 56 10 82 1 47 13 35 12 8 2 92 15 39 4 11
15 12 44 3 24 1 24 5 14 15 34 6 57 10 30 11 64 7 4 13 14 9 69 2 95 8 22 4 60 14 61
5
15 13 40 2 96 5 59 10 95 14 76 1 75 12 23 9 65 4 65 6 16 7 71 15 52 11 84 3 99 8 24
15 6 2 2 88 15 99 11 52 14 68 10 13 7 38 13 35 9 57 3 37 8 93 1 38 4 68 5 94 12 71
15 7 87 4 46 11 14 8 87 14 30 5 79 6 62 10 37 9 54 3 1 1 97 2 16 12 2 15 51 13 96
15 11 19 8 15 6 42 1 8 10 72 14 15 3 76 9 25 2 78 15 84 12 62 4 70 13 81 7 16 5 97
15 7 68 13 71 15 3 2 68 8 91 6 37 12 73 1 21 3 85 4 79 9 51 14 50 5 21 10 30 11 64
15 5 14 8 1 7 29 1 72 9 6 14 31 13 98 15 50 4 83 3 2 6 86 10 33 11 33 2 98 12 59
15 11 21 12 80 7 99 10 70 1 80 3 71 2 47 9 96 13 56 8 78 6 53 4 10 14 92 15 1 5 33
15 4 29 11 85 6 89 7 10 9 30 5 38 1 38 15 48 3 16 8 65 10 90 12 73 13 88 2 46 14 47
15 2 37 3 9 7 49 8 23 11 1 13 78 15 39 9 15 1 9 4 41 14 35 6 83 5 8 10 61 12 60
15 13 1 8 73 7 47 15 46 4 10 5 37 1 60 14 84 11 26 9 11 12 37 10 79 6 75 3 49 2 51
15 5 22 4 49 9 33 15 2 3 24 14 3 6 73 7 68 11 21 13 61 8 69 12 94 2 43 10 39 1 48
15 7 81 13 46 8 21 6 23 3 86 5 19 14 64 12 52 9 22 1 50 11 11 4 73 2 77 10 16 15 75
15 13 21 14 80 9 30 8 32 2 22 7 23 1 85 6 92 10 14 11 13 5 68 3 60 15 45 4 32 12 90
15 13 29 2 95 5 52 9 59 7 33 11 12 8 73 4 96 1 75 6 12 14 83 3 3 10 90 15 57 12 6
15 8 94 6 18 1 54 11 42 3 70 4 29 10 43 7 50 12 75 9 70 2 40 5 48 15 1 13 27 14 12
6
15 8 96 13 23 6 71 9 26 4 28 15 16 14 27 10 71 1 18 2 57 5 43 3 5 7 12 12 91 11 63
15 9 32 1 81 6 95 14 79 7 55 2 45 5 60 3 73 4 23 12 44 11 92 13 20 10 5 15 72 8 73
15 7 63 9 93 8 63 2 79 10 10 6 66 13 27 5 93 1 24 3 26 15 8 12 69 4 29 14 66 11 97
15 13 80 1 87 15 68 8 23 14 54 2 16 7 68 9 32 12 74 3 3 4 2 10 71 6 4 11 67 5 28
15 9 46 3 96 13 11 12 41 11 93 10 2 5 98 4 10 15 43 6 65 1 27 8 57 7 75 14 87 2 81
15 14 5 9 91 7 92 12 87 15 66 10 36 13 67 8 88 1 92 2 27 11 13 3 7 6 95 4 66 5 13
15 5 90 2 33 3 78 14 76 8 93 7 67 1 82 9 94 13 12 15 5 11 85 10 42 6 4 4 2 12 70
15 5 79 11 24 15 41 4 83 7 45 14 29 12 3 10 42 1 5 6 44 2 83 13 59 9 60 8 78 3 44
15 8 19 2 55 6 20 5 74 15 66 9 37 1 55 10 63 13 40 4 73 11 55 3 84 14 54 12 62 7 6
15 4 27 7 59 14 6 5 90 6 6 11 37 3 64 9 35 13 25 12 59 10 77 8 30 15 1 2 7 1 70
15 2 4 5 53 8 6 3 10 15 51 11 89 13 38 14 38 7 35 6 44 10 99 1 88 4 52 9 16 12 99
15 1 28 8 11 15 76 14 51 9 35 4 60 7 44 10 39 6 66 13 49 11 40 5 34 2 80 3 38 12 29
15 15 31 11 32 1 40 9 25 13 40 14 85 5 39 12 61 2 15 4 41 7 93 6 64 3 16 10 81 8 97
15 14 9 5 21 9 8 7 55 6 79 3 76 10 79 1 61 12 68 13 99 2 24 4 23 15 92 8 91 11 22
15 15 80 3 30 7 67 5 58 4 45 12 29 2 48 6 28 8 64 1 63 9 80 11 23 10 93 13 55 14 48
7
15 14 52 13 19 8 6 1 20 6 1 12 26 10 90 11 44 2 27 3 18 4 51 15 80 5 10 7 51 9 41
15 3 44 2 85 9 2 15 78 14 86 1 88 6 61 12 20 10 56 13 12 11 69 8 34 4 55 5 34 7 84
15 1 62 4 72 2 74 8 63 5 95 9 29 15 24 6 34 7 89 3 83 14 90 13 26 10 98 11 65 12 31
15 10 10 12 15 1 93 8 79 13 77 15 61 7 1 2 48 14 22 11 27 5 21 6 17 4 45 3 96 9 11
15 9 83 14 52 6 70 11 78 10 7 15 28 13 97 3 52 4 29 1 81 7 60 12 91 8 80 5 54 2 35
15 13 3 14 31 15 98 10 97 6 77 2 39 7 41 8 10 1 9 4 93 9 7 11 49 5 20 12 45 3 59
15 10 28 1 93 6 4 5 51 13 67 15 5 7 18 2 52 4 47 9 21 14 49 12 63 3 96 11 85 8 90
15 13 25 2 82 10 58 15 15 7 67 11 50 3 66 8 92 5 56 12 82 14 57 6 16 4 34 9 99 1 61
15 7 82 6 31 13 22 5 16 2 87 15 48 10 59 1 63 8 29 9 99 11 48 14 36 3 91 12 61 4 59
15 9 28 4 25 6 69 5 65 2 62 11 57 8 97 10 31 14 15 3 25 1 83 12 98 7 55 13 66 15 31
15 5 20 3 99 2 13 1 88 15 25 11 75 10 90 7 84 12 70 13 41 4 17 9 54 8 63 14 1 6 95
15 9 59 4 22 14 46 15 10 3 1 12 21 6 3 5 84 10 93 13 59 11 78 8 73 2 59 1 42 7 63
15 8 72 2 80 11 12 5 56 1 22 9 8 13 93 7 27 14 17 3 38 4 26 10 51 12 43 15 80 6 94
15 9 72 12 78 4 29 8 90 2 46 13 46 7 43 5 75 11 90 14 29 3 8 6 92 15 16 10 62 1 6
15 6 89 14 44 15 41 7 32 10 10 12 85 8 16 3 23 13 91 9 46 4 35 5 17 11 93 2 45 1 93
8
15 4 83 7 1 8 96 14 54 5 30 2 80 13 81 11 9 9 49 15 32 1 19 10 92 6 65 3 88 12 64
15 3 4 13 68 2 79 14 21 4 84 5 92 9 66 15 51 1 83 11 96 8 68 6 38 10 38 12 99 7 76
15 9 46 15 57 4 66 1 75 11 88 6 58 10 56 14 35 3 59 12 82 7 24 5 96 8 24 2 55 13 80
15 6 34 14 69 12 53 5 98 15 8 3 81 10 81 9 38 11 39 4 3 7 59 8 81 2 30 1 76 13 71
15 14 85 6 80 3 36 15 57 2 96 9 34 5 14 4 3 12 90 7 99 8 9 13 42 10 95 1 27 11 27
15 15 28 12 11 3 66 6 2 9 35 11 69 1 61 5 84 10 73 8 56 14 98 4 81 2 72 7 92 13 23
15 9 21 13 5 6 95 11 5 8 22 12 16 3 77 14 85 1 76 15 46 7 36 10 89 2 99 5 44 4 37
15 10 49 8 80 13 61 4 87 7 41 3 6 11 83 14 79 2 44 9 83 15 9 5 84 1 99 6 38 12 68
15 1 77 5 51 6 68 2 69 12 6 8 26 7 99 3 6 15 34 14 27 9 51 10 82 4 5 11 90 13 1
15 9 85 12 64 8 55 2 76 15 89 14 68 13 34 5 14 7 52 10 33 11 91 1 4 6 18 3 95 4 76
15 13 40 5 8 6 36 14 5 7 1 1 51 2 33 8 80 10 90 9 75 12 47 11 65 15 42 3 16 4 11
15 4 38 15 83 5 48 14 74 6 15 10 10 9 89 1 41 8 97 13 97 7 16 2 47 11 21 12 95 3 20
15 11 89 9 22 5 11 2 15 3 37 1 65 8 28 15 39 13 88 14 14 10 28 7 6 4 24 12 4 6 23
15 7 14 3 66 1 4 15 58 2 7 5 6 13 5 4 48 11 54 8 59 9 2 10 1 6 4 14 82 12 75
15 11 24 3 66 10 4 14 20 6 79 1 50 7 23 8 15 2 14 15 91 12 86 5 96 13 63 4 16 9 3
9
15 4 91 14 15 12 45 5 26 3 90 10 53 11 7 7 78 13 94 8 8 6 19 15 56 9 69 2 66 1 98
15 14 34 10 1 15 40 1 74 5 43 6 73 7 96 12 80 2 87 8 78 9 88 13 90 11 49 4 85 3 3
15 2 88 15 98 14 82 9 46 11 79 5 69 1 95 13 41 6 39 3 12 12 1 7 71 10 27 8 77 4 99
15 15 50 6 1 5 21 4 72 11 46 8 20 2 62 12 33 14 79 7 56 10 67 13 23 3 56 9 44 1 56
15 15 15 2 15 14 16 7 79 13 8 5 73 6 86 3 52 10 79 1 62 4 93 8 86 12 44 9 80 11 18
15 10 79 12 63 15 94 11 9 14 86 8 89 9 12 3 66 2 55 1 70 13 35 6 14 5 3 7 54 4 62
15 4 42 8 39 12 42 9 9 5 37 10 25 2 78 13 76 11 16 7 38 1 30 15 80 6 34 3 92 14 29
15 15 96 14 25 6 49 1 67 10 53 9 20 3 52 4 29 2 51 12 35 7 38 11 18 5 43 8 46 13 98
15 4 73 3 68 1 3 12 98 2 68 5 8 6 15 14 88 8 72 13 20 10 89 11 59 9 68 7 63 15 41
15 15 30 10 43 12 80 14 64 2 14 6 6 4 36 5 88 1 71 13 51 7 63 3 32 9 16 11 63 8 7
15 15 18 13 90 3 55 6 25 5 72 2 92 14 88 1 69 9 89 11 83 8 58 12 35 4 79 7 43 10 86
15 5 50 14 64 4 88 2 57 12 25 9 73 10 18 8 4 1 69 3 40 7 28 11 37 6 42 13 82 15 83
15 12 2 10 41 2 13 9 75 13 31 15 66 3 72 11 66 8 96 1 45 14 29 7 49 4 96 6 50 5 38
15 2 80 5 90 6 36 7 50 12 76 4 15 10 31 11 89 9 87 3 55 8 49 14 23 15 19 13 38 1 93
15 14 75 3 45 5 75 13 72 8 65 4 6 9 16 1 24 12 24 15 44 10 4 7 22 2 99 6 10 11 85
10
15 9 35 3 78 8 79 15 65 13 53 1 14 5 93 4 70 14 14 6 90 10 95 11 49 7 36 2 85 12 1
15 3 83 9 41 7 22 5 29 12 52 1 71 10 16 8 93 6 54 4 63 2 12 11 85 14 62 15 45 13 30
15 6 60 12 43 9 71 15 2 13 50 2 37 5 86 10 81 11 60 7 57 14 66 1 24 3 98 4 92 8 69
15 10 14 14 59 9 35 7 6 13 25 6 57 11 1 3 44 2 94 1 30 15 95 12 93 4 51 5 52 8 16
15 9 96 11 39 4 75 14 98 15 2 6 38 5 69 1 32 13 95 12 63 10 4 7 11 3 50 2 95 8 78
15 8 73 3 28 10 43 6 47 11 57 5 88 4 33 2 13 12 7 9 49 7 23 15 38 14 21 1 99 13 72
15 3 3 11 80 2 67 13 93 15 91 4 31 1 52 5 64 10 83 6 2 12 90 14 64 8 16 9 18 7 25
15 14 23 7 30 12 22 13 54 9 68 8 63 15 89 6 95 4 5 5 37 1 5 11 42 3 17 2 54 10 46
15 9 44 5 59 7 87 8 62 1 51 12 55 14 3 13 40 3 26 4 18 11 15 2 18 6 72 15 35 10 60
15 3 27 7 14 13 77 10 24 9 55 12 67 2 59 4 19 14 29 5 33 11 88 6 30 1 91 8 11 15 11
15 1 67 10 94 5 50 9 2 11 83 3 19 12 29 13 37 15 58 7 32 4 38 8 99 6 88 2 49 14 70
15 9 60 2 7 13 81 6 82 8 58 11 83 10 16 5 1 12 69 7 7 14 3 3 84 15 8 1 12 4 93
15 14 92 15 81 3 4 10 78 8 9 9 78 13 75 5 5 11 50 7 8 2 44 1 4 6 60 12 94 4 74
15 2 32 1 88 13 31 3 68 14 31 9 10 4 45 15 75 5 82 8 51 7 55 10 99 12 44 11 84 6 22
15 4 12 14 35 3 64 6 17 10 42 7 46 8 65 5 74 9 96 1 28 13 86 11 95 15 93 2 67 12 56
11
15 4 25 12 75 15 75 2 76 11 38 3 62 5 38 8 59 1 14 13 13 6 46 10 31 7 57 14 92 9 3
15 6 67 1 5 4 11 9 11 5 40 2 34 13 77 15 42 7 35 8 96 11 22 3 55 10 21 14 29 12 16
15 3 22 4 98 15 8 1 35 10 59 13 31 6 13 5 46 8 52 11 22 9 18 12 19 14 64 2 29 7 70
15 9 99 11 42 2 2 14 35 4 11 5 92 15 88 10 97 3 21 6 56 12 17 8 43 1 27 7 19 13 23
15 15 50 9 5 2 59 3 71 11 47 10 39 13 82 5 35 7 12 6 2 1 39 14 42 4 52 12 65 8 35
15 4 48 11 57 2 5 6 2 7 60 1 64 9 86 8 3 12 51 14 26 3 34 15 39 13 45 10 63 5 54
15 3 40 11 43 2 50 13 71 9 46 1 99 8 67 7 34 15 6 14 95 5 67 4 54 6 29 10 30 12 60
15 2 59 1 3 3 85 5 6 8 46 14 49 12 5 4 82 13 18 6 71 7 48 15 79 10 62 9 65 11 76
15 5 65 6 55 10 81 11 15 8 32 7 52 3 97 2 69 13 82 4 89 14 69 1 87 9 22 15 71 12 63
15 2 70 5 74 4 52 11 94 15 14 1 81 7 24 14 14 12 32 9 39 6 67 13 59 8 18 10 77 3 50
15 4 18 11 6 2 96 1 53 10 35 9 99 15 39 7 18 5 14 8 90 3 64 13 81 6 89 12 48 14 80
15 3 44 8 75 7 12 9 13 4 74 6 59 15 71 5 75 2 30 1 93 10 26 11 30 14 84 12 91 13 93
15 1 39 8 56 15 13 9 29 13 55 11 69 10 26 4 7 7 55 2 48 5 22 3 46 12 50 14 96 6 17
15 13 57 4 14 10 8 5 13 2 95 1 53 11 78 7 24 6 92 3 90 15 68 14 87 8 43 9 75 12 94
15 4 93 15 92 7 18 6 28 14 27 10 40 2 56 1 83 13 51 8 15 3 97 5 48 11 53 9 78 12 39
15 6 47 15 34 7 42 13 28 9 11 3 11 5 30 10 14 12 10 14 4 4 20 2 92 8 19 1 59 11 28
15 4 69 8 82 11 64 15 40 1 27 9 82 2 27 12 43 6 56 14 17 5 18 13 20 7 98 10 43 3 68
15 11 84 9 26 3 87 12 61 14 95 7 23 15 88 4 89 10 49 8 84 5 12 6 51 13 3 1 44 2 20
15 4 43 3 54 13 18 14 72 2 70 7 28 15 20 6 22 5 59 9 36 10 85 12 13 1 73 11 29 8 45
15 12 7 15 97 6 4 7 22 11 74 10 45 14 62 2 95 5 66 9 14 1 40 4 23 13 79 3 34 8 8
12
15 3 55 6 66 2 48 9 59 4 8 5 21 15 64 8 7 11 80 14 5 12 59 10 8 13 91 7 11 1 81
15 15 86 9 76 13 40 5 76 12 9 4 23 7 80 10 51 1 46 11 48 2 68 14 51 3 15 8 5 6 82
15 8 84 13 97 2 26 9 70 3 33 11 31 4 20 12 39 14 42 15 33 6 70 7 84 1 23 10 54 5 55
15 2 60 9 82 6 14 12 36 8 22 7 21 4 3 3 11 5 82 10 92 13 52 14 85 1 77 15 3 11 89
15 9 83 5 33 13 15 2 36 4 96 15 99 3 81 10 24 14 59 7 89 6 11 11 13 12 26 8 91 1 87
15 3 51 15 20 11 89 8 99 4 95 1 41 2 7 14 67 10 77 7 45 12 74 13 91 5 87 6 1 9 55
15 1 35 5 71 14 47 2 34 9 77 11 68 12 85 7 27 10 2 3 99 6 9 13 18 8 28 4 33 15 92
15 13 76 3 58 12 37 10 28 9 80 11 96 14 97 5 92 6 84 15 68 7 1 4 86 2 33 8 66 1 20
15 8 17 4 11 5 18 6 90 14 57 1 95 12 17 11 33 10 61 2 49 9 36 7 38 13 62 15 73 3 25
15 8 82 15 84 13 87 7 44 6 96 10 64 11 68 1 57 4 65 5 89 3 42 2 77 9 43 14 76 12 38
15 1 54 10 66 14 8 8 48 7 84 4 15 12 93 9 94 11 57 5 16 3 64 2 13 15 62 13 63 6 53
15 15 21 11 70 4 42 13 29 6 83 8 5 5 16 7 76 2 67 3 46 1 67 14 83 10 46 12 29 9 26
15 12 96 11 42 6 49 2 54 4 58 14 8 10 41 8 14 9 35 15 9 1 74 3 16 7 50 13 69 5 45
15 8 69 7 90 14 17 11 18 4 45 2 48 6 31 12 29 5 27 9 85 1 71 13 92 10 20 3 11 15 86
15 3 41 5 24 15 82 6 50 1 24 8 75 11 34 13 80 2 71 10 54 4 5 9 42 7 8 14 35 12 93
15 6 63 15 4 13 85 8 53 4 61 14 54 1 16 10 18 11 5 7 43 2 24 3 88 9 67 5 79 12 41
15 15 17 9 37 2 56 11 70 12 56 13 24 8 95 1 12 4 96 3 27 10 55 14 36 6 41 7 65 5 23
15 6 79 3 6 11 89 4 69 13 16 5 56 7 81 12 98 1 12 14 19 9 88 15 3 8 36 2 67 10 74
15 1 38 10 76 11 47 5 21 3 80 7 97 14 35 2 45 4 74 15 92 8 98 9 54 6 91 13 79 12 46
15 3 34 13 56 10 26 9 62 5 82 7 38 11 89 15 33 8 50 6 62 2 39 12 63 4 88 1 13 14 42
13
15 13 91 12 17 9 4 10 63 8 67 14 30 1 87 11 80 3 95 5 14 6 17 7 22 4 1 15 85 2 41
15 3 77 6 77 1 9 11 77 5 24 2 8 14 64 12 6 4 12 15 13 7 71 9 76 10 95 13 8 8 6
15 4 92 3 3 7 12 10 27 6 58 13 66 1 99 14 33 8 7 11 78 15 96 2 30 5 54 9 23 12 88
15 10 19 15 45 6 65 8 24 14 30 11 30 13 49 3 32 4 78 9 31 2 3 7 25 12 9 1 2 5 22
15 4 84 9 61 7 35 2 44 14 37 1 16 10 97 6 85 15 51 3 26 13 13 8 76 5 41 12 2 11 96
15 4 85 9 55 14 2 12 65 13 52 2 97 5 81 15 8 7 22 6 59 10 95 1 52 8 85 11 64 3 13
15 12 64 3 94 1 4 7 13 5 98 2 26 6 32 13 20 10 97 8 28 4 63 9 2 14 23 11 14 15 62
15 13 56 4 98 5 56 12 28 9 1 2 96 6 27 1 38 14 41 7 94 11 77 10 63 3 63 15 81 8 6
15 6 63 9 98 8 64 1 37 13 89 14 96 2 88 7 13 5 72 15 28 11 57 10 99 4 11 3 8 12 96
15 7 17 4 71 10 80 9 33 3 87 2 82 13 44 8 14 6 85 15 2 1 60 5 72 12 27 14 63 11 66
15 7 47 1 42 5 61 15 17 9 65 14 5 13 96 12 47 11 9 2 20 10 10 8 11 6 86 4 90 3 65
15 1 66 7 91 5 8 4 37 9 99 3 90 12 16 2 89 10 17 6 98 14 87 13 8 11 40 15 33 8 37
15 3 99 10 2 6 22 13 12 4 13 15 62 5 30 14 44 12 25 8 56 2 10 11 44 9 25 7 39 1 65
15 12 35 8 62 11 52 5 84 9 30 15 2 7 50 4 69 10 64 6 54 2 45 14 38 3 90 13 70 1 37
15 9 73 14 40 11 16 13 21 1 50 10 10 3 46 7 2 12 48 2 16 4 58 15 37 6 12 8 30 5 82
15 15 76 8 40 12 21 7 91 11 48 10 6 3 91 1 75 2 79 13 51 9 51 4 81 5 70 14 65 6 19
15 9 49 14 5 8 59 10 40 12 74 13 70 6 84 5 47 3 25 4 86 15 75 7 26 1 51 11 32 2 15
15 9 11 15 18 6 6 12 60 2 83 1 64 8 85 4 21 13 52 3 49 10 30 11 56 14 31 7 25 5 31
15 9 83 7 42 2 11 12 64 8 44 13 90 15 8 11 35 1 72 10 67 4 72 5 55 6 43 14 88 3 35
15 14 19 2 53 5 80 1 89 6 21 8 34 4 56 7 89 13 50 9 28 12 15 3 27 11 74 15 83 10 79
14
15 9 56 14 25 4 17 8 63 11 9 7 30 15 75 13 22 10 42 3 83 1 69 5 90 6 88 12 20 2 30
15 12 39 5 20 7 35 4 79 9 35 10 66 13 15 6 56 14 60 1 72 8 52 11 14 15 2 3 16 2 59
15 15 5 10 31 5 55 1 70 3 49 14 70 7 92 8 40 12 13 2 14 4 49 6 30 11 50 13 77 9 81
15 1 64 13 63 11 21 2 21 12 29 15 10 9 25 6 60 10 93 14 24 3 48 7 52 4 8 5 30 8 37
15 3 4 7 32 5 10 14 77 9 45 13 37 4 89 11 60 10 59 12 42 1 48 8 30 2 22 6 23 15 15
15 2 14 5 10 14 68 8 95 13 42 9 29 4 44 1 23 15 61 6 57 11 45 12 98 10 30 7 27 3 13
15 7 50 13 55 4 23 12 25 1 51 2 55 8 9 14 87 5 21 9 48 6 55 10 22 15 47 11 50 3 86
15 6 11 8 43 15 26 12 31 5 18 4 59 11 84 1 33 2 73 7 20 14 34 13 92 9 65 10 87 3 37
15 4 9 3 20 7 11 5 21 12 11 11 96 1 94 9 91 15 92 8 97 14 28 6 55 2 89 10 34 13 61
15 4 10 12 58 15 86 11 86 3 87 5 18 2 74 14 64 7 12 10 22 6 80 9 5 13 95 8 6 1 35
15 10 47 11 68 7 60 8 20 5 14 13 6 6 20 15 6 14 46 2 79 9 32 1 82 3 7 4 74 12 54
15 8 20 6 99 12 55 15 78 9 35 1 26 14 23 13 87 3 86 10 25 11 98 2 1 5 16 4 33 7 50
15 12 35 1 34 7 66 13 47 6 48 11 52 14 33 4 77 5 38 2 65 10 58 15 71 3 14 9 85 8 13
15 3 85 10 86 5 15 7 68 4 32 8 83 14 80 6 81 13 10 11 12 2 31 12 38 9 78 15 44 1 18
15 7 60 15 58 6 16 9 24 14 57 5 8 2 41 4 39 1 28 8 56 13 37 3 34 11 39 12 69 10 52
15 11 76 15 87 9 91 8 13 7 4 6 32 2 58 14 62 12 83 3 48 4 41 10 36 13 68 1 28 5 12
15 6 1 12 67 2 98 5 41 8 84 7 34 15 86 14 75 9 93 13 83 4 66 3 93 1 47 10 58 11 64
15 5 61 15 49 3 35 7 92 1 84 12 57 8 31 14 50 10 53 2 11 6 74 4 8 9 14 11 12 13 50
15 8 19 15 89 11 67 2 10 6 75 10 49 3 75 5 66 1 37 12 77 14 94 4 60 7 38 13 52 9 61
15 12 29 14 73 8 62 9 19 7 99 1 95 6 2 5 39 11 70 2 90 4 10 3 60 10 21 13 40 15 17
15
15 8 15 13 89 7 49 4 95 9 40 6 79 1 44 10 59 2 87 11 88 3 48 5 44 14 43 15 11 12 75
15 9 6 4 46 13 18 6 4 7 56 10 44 2 15 15 40 5 44 3 79 12 1 1 32 11 5 14 92 8 76
15 2 78 1 45 9 61 5 49 12 26 15 36 13 94 7 80 14 49 10 53 3 4 6 51 8 82 11 36 4 76
15 12 58 14 34 11 70 1 19 5 85 8 69 15 87 6 38 4 5 3 88 10 66 2 3 13 10 9 28 7 18
15 15 78 7 7 3 83 11 75 12 39 6 24 13 10 10 13 4 42 2 2 14 61 5 26 1 11 8 89 9 39
15 8 80 6 88 13 13 14 92 10 11 12 62 2 42 5 3 4 6 7 36 3 49 9 98 1 40 15 59 11 15
15 15 83 14 12 9 48 10 1 2 76 1 32 12 1 5 81 3 53 4 70 11 78 7 75 8 7 13 82 6 31
15 8 75 14 13 5 9 12 11 1 49 11 15 6 57 3 84 7 77 2 80 9 41 13 82 4 68 10 64 15 50
15 6 39 12 64 5 88 2 9 13 97 15 99 14 27 8 48 9 18 7 49 10 50 3 26 1 54 4 80 11 77
15 10 66 5 87 4 27 9 47 15 68 6 75 7 31 14 25 12 49 11 85 13 86 8 12 2 26 3 82 1 78
15 12 93 14 87 7 74 6 26 11 60 4 76 13 3 9 98 3 72 5 52 10 73 2 75 1 28 15 1 8 51
15 12 79 2 13 5 14 8 27 13 14 4 5 6 58 11 32 15 38 3 67 14 70 1 86 7 28 10 94 9 33
15 2 83 6 67 8 18 13 20 14 4 7 84 12 22 5 8 9 91 4 89 15 25 11 8 1 69 10 85 3 46
15 5 64 11 18 8 12 9 43 4 78 14 65 1 20 15 53 12 32 13 49 10 25 7 10 2 43 3 30 6 3
15 9 99 5 29 12 50 14 99 2 53 10 65 1 23 7 49 13 91 6 1 3 86 11 7 4 68 8 71 15 89
15 14 13 9 19 11 31 6 94 7 78 15 43 12 16 8 56 13 76 1 1 2 11 5 24 10 13 3 62 4 55
15 6 43 9 24 14 85 12 20 10 6 15 44 11 49 2 41 13 67 7 47 5 25 8 86 4 6 1 6 3 30
15 3 68 10 92 5 15 1 80 6 29 8 72 9 22 11 41 13 49 12 36 4 97 14 80 7 23 2 77 15 4
15 2 51 5 34 9 10 11 96 7 74 12 80 10 65 6 75 14 14 1 83 8 13 13 78 4 61 15 43 3 58
15 2 69 11 56 14 15 13 89 6 22 5 21 7 89 15 16 12 59 8 83 9 20 3 33 10 11 1 67 4 90
16
15 3 76 12 17 1 58 14 26 2 90 9 77 10 63 7 87 5 74 8 35 13 60 4 90 15 64 6 68 11 28
15 6 5 9 79 10 71 4 42 2 71 14 20 12 86 1 88 15 47 8 62 5 37 13 87 11 47 7 97 3 24
15 6 2 3 67 9 28 15 98 14 66 2 42 7 46 10 23 13 94 5 25 12 89 1 3 8 38 4 76 11 76
15 9 96 11 79 5 19 1 36 4 87 12 6 14 9 7 18 2 32 6 37 3 55 10 3 13 15 15 12 8 45
15 9 71 12 73 2 17 1 41 6 71 14 88 3 43 15 59 11 37 13 22 10 21 4 77 5 66 7 46 8 52
15 12 19 4 12 14 87 10 22 15 41 2 29 1 6 8 4 5 79 6 78 11 21 13 27 7 16 3 54 9 60
15 14 96 4 39 12 82 11 15 6 22 13 29 1 64 5 92 15 68 7 60 8 37 9 10 10 47 3 68 2 74
15 6 28 9 3 7 71 8 59 3 94 4 60 11 98 5 77 2 9 15 57 12 21 10 74 14 19 1 74 13 19
15 13 7 9 38 10 63 8 69 4 13 7 56 12 53 14 58 11 2 1 93 3 90 6 6 2 66 5 76 15 60
15 6 85 15 46 12 75 5 34 11 33 9 94 10 50 3 20 14 4 13 28 8 60 2 74 1 90 4 51 7 67
15 11 88 10 11 2 35 13 87 3 14 8 85 4 12 5 21 1 23 6 37 7 12 9 88 14 98 15 33 12 76
15 10 30 8 89 6 91 7 3 1 97 15 71 2 73 4 16 9 15 12 98 3 71 13 19 11 65 14 89 5 2
15 3 61 14 86 13 71 4 76 10 88 2 32 6 31 11 50 12 25 7 84 1 79 8 34 9 59 15 75 5 78
15 4 9 1 59 10 93 14 69 9 38 3 65 7 96 2 67 11 74 13 41 8 61 15 68 5 11 6 24 12 25
15 7 86 6 77 1 21 14 50 9 72 15 68 3 91 8 72 13 65 5 52 11 45 4 5 2 71 10 68 12 25
15 7 37 9 27 1 23 8 26 5 2 2 36 12 20 11 65 14 61 15 27 13 35 3 50 10 45 4 80 6 19
15 14 5 3 57 2 70 9 95 4 46 13 36 7 88 15 42 12 49 10 23 6 63 8 77 5 47 11 88 1 7
15 14 29 8 64 6 23 12 42 5 33 7 65 11 92 15 80 3 49 10 3 1 83 4 20 9 63 13 78 2 85
15 10 67 3 47 11 48 12 57 8 84 2 63 15 48 4 70 7 85 9 93 6 1 5 63 13 87 1 29 14 90
15 14 80 5 14 12 41 13 73 8 22 1 93 6 6 2 81 9 19 15 62 10 62 3 85 4 25 11 70 7 10
17
15 7 40 9 57 12 95 1 33 15 72 14 31 10 55 6 36 4 92 13 72 11 80 3 39 8 3 5 86 2 29
15 1 20 10 56 2 68 7 49 6 35 14 58 12 90 9 52 4 97 5 95 13 94 15 32 8 56 3 71 11 83
15 9 98 4 5 10 97 2 85 1 31 11 5 6 16 15 19 13 75 14 50 7 23 3 63 8 89 12 65 5 24
15 6 80 2 58 8 41 11 34 1 94 3 63 14 8 12 75 15 60 4 42 7 38 10 3 9 73 13 79 5 36
15 3 71 10 65 7 26 8 59 1 54 9 69 14 86 6 86 11 43 4 7 13 35 5 86 15 99 2 94 12 99
15 6 82 4 70 10 53 3 74 2 58 5 70 11 50 9 37 14 90 1 22 12 9 13 98 7 30 15 94 8 43
15 9 71 8 63 13 65 10 15 7 39 15 93 5 97 12 67 6 5 2 61 4 64 14 68 11 2 1 31 3 17
15 14 7 8 10 7 65 12 63 3 92 1 90 15 85 5 81 4 32 2 62 11 5 9 21 10 5 13 49 6 36
15 2 9 15 31 1 77 11 49 12 24 9 67 8 66 6 37 10 82 4 69 5 63 7 4 13 62 3 52 14 66
15 14 67 2 73 4 87 15 28 6 43 10 13 3 18 1 73 12 69 8 20 13 97 5 73 11 64 7 8 9 13
15 11 85 6 30 10 80 14 64 7 18 9 72 12 66 5 72 15 28 1 13 8 17 3 55 13 17 2 42 4 58
15 14 87 10 36 15 87 11 27 4 23 8 72 3 49 6 79 7 30 12 17 9 57 2 56 1 82 13 4 5 66
15 6 6 10 62 8 78 9 78 11 62 14 17 3 43 7 18 2 53 1 16 13 66 12 20 4 69 5 49 15 4
15 10 34 12 89 7 23 8 69 3 12 9 59 15 50 4 57 1 85 13 16 5 55 14 82 6 61 2 5 11 36
15 11 71 3 19 2 96 6 9 1 85 4 88 15 3 12 68 5 52 9 29 10 29 8 22 13 10 7 9 14 65
15 13 23 15 34 1 73 3 34 11 85 6 40 14 73 4 15 8 51 12 91 2 1 10 43 7 7 9 63 5 7
15 9 18 7 62 13 97 5 49 14 4 11 71 6 68 8 51 10 42 1 40 2 32 15 92 4 11 3 46 12 99
15 15 1 6 93 13 46 5 12 2 11 14 82 7 56 3 39 9 84 8 43 11 77 12 22 10 23 4 47 1 43
15 8 98 3 38 7 92 4 72 9 78 15 70 6 47 10 32 5 84 14 84 1 63 12 95 13 59 2 26 11 14
15 11 80 8 53 14 72 5 9 6 89 4 30 7 35 2 34 9 52 1 87 13 97 12 34 10 73 15 68 3 31
18
15 2 70 7 6 11 29 15 55 8 14 6 33 14 66 5 14 4 7 9 57 1 55 10 18 13 62 3 46 12 92
15 1 30 10 53 4 19 3 1 9 98 6 81 15 63 13 62 7 10 12 15 11 73 8 75 5 80 2 84 14 97
15 2 42 7 61 3 6 12 60 4 24 5 70 11 78 10 11 13 35 9 38 8 61 6 90 1 74 15 1 14 60
15 13 76 15 84 9 72 10 17 6 27 4 86 1 84 2 71 14 90 11 27 7 13 12 98 5 3 8 57 3 66
15 15 38 11 58 9 80 7 24 1 50 5 76 6 6 10 12 12 26 4 14 8 35 14 38 2 55 13 33 3 42
15 9 77 3 87 10 59 13 19 4 84 1 85 14 63 15 51 6 18 12 29 8 2 2 13 5 1 7 25 11 54
15 6 19 4 83 9 71 8 22 1 4 13 68 5 68 3 88 15 80 7 55 11 11 12 19 10 39 2 68 14 37
15 6 38 9 98 13 11 2 3 8 33 5 43 3 19 10 90 7 56 15 83 14 76 1 97 4 2 11 76 12 1
15 15 25 9 65 8 88 13 56 7 75 11 48 1 40 2 19 12 39 10 40 6 43 5 99 3 23 4 74 14 39
15 1 97 15 66 3 54 6 29 11 23 5 9 10 74 8 46 12 85 7 98 4 74 14 12 2 71 13 65 9 25
15 2 3 4 40 12 81 1 74 10 67 6 93 3 76 15 16 7 12 8 67 9 52 13 20 14 24 11 71 5 90
15 13 13 9 59 4 95 11 79 3 46 1 16 8 67 10 67 15 64 6 85 5 85 2 27 12 26 14 56 7 1
15 2 64 7 1 15 29 3 66 12 32 5 35 9 8 4 26 14 94 11 94 1 62 10 42 13 60 8 56 6 7
15 2 3 5 7 10 40 4 93 12 55 15 75 9 25 1 21 14 30 11 82 3 1 7 58 6 53 8 88 13 19
15 3 66 8 88 4 48 2 77 9 38 5 78 15 16 12 41 13 93 6 38 11 25 1 51 14 14 7 98 10 61
15 11 33 3 23 5 7 7 60 2 74 10 54 8 2 13 22 4 32 12 15 14 79 15 83 6 69 9 41 1 19
15 3 61 1 26 6 66 15 85 5 34 7 15 12 59 11 75 9 3 8 80 14 39 2 69 4 6 10 73 13 65
15 4 96 1 6 12 52 15 22 6 35 11 79 5 16 14 72 10 29 7 26 9 52 2 58 8 57 3 31 13 74
15 2 42 1 79 8 84 6 25 10 70 9 90 15 8 14 60 3 81 11 88 5 11 4 71 13 61 12 49 7 81
15 2 52 13 3 15 57 5 66 8 88 10 42 9 23 4 72 7 97 1 91 11 50 3 43 12 82 14 62 6 27
19
15 9 78 2 22 11 89 8 46 10 42 6 59 7 13 4 90 3 41 14 69 5 71 1 13 15 48 12 97 13 62
15 2 87 10 56 5 44 6 1 1 74 12 3 7 89 8 77 13 29 3 17 15 12 9 60 14 92 11 35 4 24
15 7 57 3 6 9 73 10 36 4 57 6 25 5 94 13 21 12 46 8 89 11 47 14 2 1 57 15 67 2 55
15 5 74 10 40 2 1 3 37 14 52 4 84 7 50 1 39 13 65 6 80 11 44 8 70 9 25 12 27 15 12
15 7 15 8 72 10 25 14 69 12 8 2 96 6 14 1 13 13 31 4 74 15 13 3 91 5 39 9 57 11 46
15 3 95 13 2 7 68 14 22 9 40 5 33 2 36 15 32 6 50 10 32 11 10 1 63 4 85 8 16 12 1
15 14 15 3 98 13 21 6 10 12 35 7 76 9 29 5 64 11 34 8 25 2 88 1 30 4 52 10 43 15 45
15 10 14 9 21 15 86 8 2 4 19 11 78 2 92 13 85 5 54 14 61 12 6 7 13 6 85 1 87 3 43
15 15 8 4 58 7 67 9 16 13 99 10 33 5 14 6 47 2 21 8 77 1 64 11 29 3 73 12 10 14 47
15 12 55 5 84 15 55 9 26 14 83 11 6 10 99 1 51 6 28 7 63 3 93 13 52 4 86 2 68 8 46
15 7 43 3 19 9 32 1 36 4 18 6 60 8 97 11 13 15 48 10 36 12 79 14 14 5 69 2 15 13 23
15 10 12 2 68 15 36 1 72 14 90 3 68 8 28 9 13 6 18 12 68 5 49 11 52 7 50 4 63 13 10
15 9 76 12 75 13 73 4 40 8 58 14 23 7 6 2 31 15 5 6 16 10 73 3 41 5 47 1 67 11 37
15 9 93 13 58 8 58 12 93 4 21 15 90 7 13 11 82 6 6 2 62 3 52 10 44 1 4 5 29 14 20
15 11 98 14 66 13 63 9 63 4 71 12 9 6 10 15 94 1 93 5 77 3 47 7 40 2 24 10 96 8 56
15 9 33 7 18 11 95 15 80 2 87 12 3 4 72 6 18 13 30 10 32 3 93 5 10 1 86 8 58 14 45
15 14 69 3 83 9 62 15 77 8 41 1 13 10 8 7 87 4 3 12 65 11 40 6 11 13 32 2 71 5 86
15 1 21 14 77 13 76 7 77 8 61 3 82 12 76 15 42 9 6 4 88 5 51 11 50 2 29 6 63 10 18
15 10 87 7 16 3 98 13 27 1 58 9 59 12 69 5 95 6 85 2 80 8 97 4 88 15 11 11 8 14 42
15 3 25 9 16 7 20 13 67 15 85 11 74 14 48 6 44 1 95 8 28 12 66 10 34 4 25 5 94 2 19
20
15 8 84 1 58 13 71 5 26 2 98 10 36 3 12 12 30 11 87 15 95 6 45 7 28 14 73 4 73 9 45
15 5 29 9 22 8 47 4 75 10 94 14 15 13 4 1 82 12 14 11 35 2 79 7 34 6 57 15 23 3 56
15 2 73 5 36 8 48 14 26 4 49 9 60 11 15 6 66 13 90 15 39 10 8 7 74 3 63 1 94 12 91
15 6 1 12 35 10 23 13 93 8 75 2 50 7 40 14 60 9 41 3 7 1 57 15 72 4 40 5 75 11 7
15 5 13 12 15 13 17 2 14 1 67 10 94 7 18 14 52 3 53 15 16 6 33 11 61 4 47 9 65 8 39
15 3 54 7 80 4 87 9 36 15 54 1 72 5 17 11 44 12 37 2 88 8 77 14 84 13 17 6 82 10 90
15 5 4 15 62 6 33 11 62 9 86 8 30 7 39 2 67 1 42 13 31 10 83 14 39 12 67 4 67 3 31
15 8 29 11 29 12 69 15 26 4 55 3 46 5 53 6 65 2 97 13 24 10 69 7 22 14 17 1 39 9 13
15 15 12 12 73 1 36 14 70 4 12 3 80 2 99 9 70 6 51 8 14 5 71 13 28 7 35 11 58 10 35
15 1 61 6 49 13 74 2 90 14 60 11 88 10 3 5 60 3 59 9 94 15 91 12 34 8 26 7 4 4 26
15 5 89 4 90 9 95 13 32 10 18 12 73 3 9 15 19 6 97 8 58 14 36 7 62 11 13 2 16 1 1
15 10 71 7 47 2 95 1 7 15 63 8 49 14 24 13 46 3 72 12 73 6 19 9 96 11 41 4 15 5 81
15 5 45 4 9 1 97 15 62 14 77 10 78 8 70 3 19 12 86 9 15 11 23 2 46 7 32 13 6 6 70
15 13 74 11 46 4 98 7 1 5 53 6 59 1 86 8 98 3 76 9 12 14 91 12 98 15 98 10 11 2 27
15 15 73 8 70 6 14 9 32 12 19 1 57 3 17 14 96 13 56 5 73 7 32 2 7 11 79 10 10 4 91
15 7 39 15 87 13 11 3 81 8 7 6 79 9 24 14 9 12 58 10 42 1 67 4 27 5 20 2 19 11 67
15 10 76 6 89 15 64 11 14 13 11 2 14 5 99 14 85 1 81 12 3 4 46 3 47 8 40 7 81 9 27
15 10 55 13 71 5 5 15 83 12 16 9 4 1 20 8 15 6 60 4 8 2 93 11 33 7 63 14 71 3 29
15 13 92 3 25 4 8 15 86 6 22 2 79 7 23 12 96 14 24 10 94 8 97 11 17 9 48 1 67 5 47
15 4 5 13 77 11 74 6 59 15 13 1 57 10 62 9 37 14 54 7 69 12 80 2 35 8 88 3 47 5 98