5
  23   13  147
 103   21   65
  70   38   14
  20   87  179
 140   73  189
5
  18   70  118
  83   96   90
  56   50  164
 169   10   28
 112   39  189
5
  37   40   45
 166   93  180
 112   99  138
 147   19   57
  34   77  188
5
  51   67  133
  37   66  105
 154   62   70
  83   51  127
 118   81  187
5
  77    8  109
  27   70   26
 106   25  112
  68   24  152
  87   11  122
10
 175    8  356
  24   60  189
 151   62   34
  79   70  369
 305   58  369
 252   46   58
 231   36  222
  59   68   38
 234   17  178
 361   88  281
10
 185   50   34
  65   84  139
 179   50  116
 163   48  288
 361   92  368
 145   38   21
  42   90  334
 223   45   40
 367   28    7
 140   56  356
10
 212   77  211
 190   57  369
 263   13  363
  35   80   45
 148   96  366
 205   14  291
 239   54  289
 332   76   46
   3   62  256
 237   59  200
10
 234   76  348
 159   47  125
 201   50  173
 359   28  111
 279   44  111
  82   61  205
 181   81  170
 206   90   51
 185   22  365
 101   51  248
10
 249   47   65
 355   54  168
 375   62  310
 372   89  103
 373   35  364
 158   81  143
 248   72  356
 224   85   54
 152    8  333
 112   31  119
15
 402   32  274
  86    3  102
  75   37  139
 240   45  483
 156    5  544
 487   64  104
 378   81  299
 256   40   88
  55   30  558
  75   66  403
 479   13  331
 537   49  485
 536   98  548
 525   62  422
 545   92  565
15
 420   88  392
 549   68  383
 512   87  303
  28   15  131
 269   18  162
 464   21   30
   1   54  523
 392   76   92
 130   78  407
 204   90  363
 323   62   77
 254   87  422
  36   52  488
 241   36  284
 439   82  158
15
 444   59  539
 272   75  448
 201   99  508
  49   76  120
 409    9  541
   6   40  509
 102   45  232
 420   72   97
  81   64  360
 221   69  169
 272   99  188
  42   10  201
 552   94  271
  28   78  112
 306   44  505
15
 494   16  292
 119   31  362
 545   87  388
 322   93  437
 146   69  347
 369   44  305
 209   44  276
 367   22  108
 429   73  372
 145   85  201
 274   62  203
 261   39  170
 318   68  248
 246   32  303
  14   39  242
15
 155   24   49
 201    2  441
 294   13  153
 526   17  321
 407   79  141
 361   42  523
  72   53  218
  75   76  158
 507   29  476
 320   81  551
 333   37  170
 426   62  240
 344   92  353
 403   58  290
 400   56  291
20
 206   24   66
 268    2  588
 391   13  205
 701   17  428
 543   79  189
 481   42  697
  96   53  291
 100   76  211
 676   29  635
 427   81  734
 443   37  227
 567   62  320
 459   92  471
 538   58  387
 534   56  388
  70   48  368
   4   67  432
  17   16  751
 580   59  488
 500   77  304
20
 231   80  222
 125   67  200
 212   62  423
 419   86  720
 692   92  441
 450   97  599
 355   26  590
 282   13  217
  15   77  433
 598    6  680
 237   87  650
 189    1  236
 553   46  391
 159   33  203
 392   45  607
   9   45  131
  19   42  652
 633   54   77
  91   92  627
 726   89  104
20
 508   18  464
 604   30  219
 291   74  598
 663   48  581
  92   12  422
 287   76  251
  38   43  140
 616   71  277
 184   48  634
  47   23  644
 383   25  458
 691    2  623
 661   28   61
 652   16  415
 322   99  209
 271   83  309
 374   28  267
 144   88  675
 674    1  282
 225   26  700
20
 601   30  291
 257   51  479
 570   12  657
 745   35  535
 653   85  416
 741   36  642
 440   16  497
 727   57  298
 748    6  448
 117   61  632
 178   37  141
 605   69  498
 443   55  712
 563   44  486
 553   84   77
 612   96  369
 239   56  139
 742   34  621
 361    3  421
 312   71  138
20
 644   29  566
 196   41  752
 447   50  278
 631   82  666
 154   33  667
 495   83  470
 323   43  258
 475   71  307
 352   65  665
 606   53  727
 387   49  500
 514   60  542
  37   74    1
 471   24  164
 305   91  268
 315   16  143
  74   36  333
 107    2  392
 266   37  283
 708   92  738



